# SD_tot is the amplitude of the overall spectral distortion (SD)
# The SD[i] are the amplitudes of the individual SDs
# The SDs are given in units [10^-26 W m^-2 Hz^-1 sr^-1] 
#
# 1:Dimensionless frequency x     2:Frequency nu [GHz]     3:SD_tot                 4:SD[g]                  5:SD[y]                  6:SD[mu]             
       1.000000000000e-02       5.679027320597e-01       0.000000000000e+00       0.000000000000e+00      -1.897435082772e-04      -4.461687462908e-02 
       1.017180298875e-02       5.776594707284e-01       0.000000000000e+00       0.000000000000e+00      -1.963191004479e-04      -4.537981990994e-02 
       1.034655760420e-02       5.875838330836e-01       0.000000000000e+00       0.000000000000e+00      -2.031225667698e-04      -4.615574831379e-02 
       1.052431455616e-02       5.976786989501e-01       0.000000000000e+00       0.000000000000e+00      -2.101618038313e-04      -4.694487856772e-02 
       1.070512542569e-02       6.079469976293e-01       0.000000000000e+00       0.000000000000e+00      -2.174449818430e-04      -4.774743300601e-02 
       1.088904268000e-02       6.183917087487e-01       0.000000000000e+00       0.000000000000e+00      -2.249805541179e-04      -4.856363762690e-02 
       1.107611968771e-02       6.290158631269e-01       0.000000000000e+00       0.000000000000e+00      -2.327772668796e-04      -4.939372215009e-02 
       1.126641073432e-02       6.398225436526e-01       0.000000000000e+00       0.000000000000e+00      -2.408441694098e-04      -5.023792007503e-02 
       1.145997103798e-02       6.508148861795e-01       0.000000000000e+00       0.000000000000e+00      -2.491906245477e-04      -5.109646874007e-02 
       1.165685676551e-02       6.619960804364e-01       0.000000000000e+00       0.000000000000e+00      -2.578263195530e-04      -5.196960938235e-02 
       1.185712504869e-02       6.733693709524e-01       0.000000000000e+00       0.000000000000e+00      -2.667612773449e-04      -5.285758719857e-02 
       1.206083400082e-02       6.849380579987e-01       0.000000000000e+00       0.000000000000e+00      -2.760058681305e-04      -5.376065140656e-02 
       1.226804273364e-02       6.967054985460e-01       0.000000000000e+00       0.000000000000e+00      -2.855708214356e-04      -5.467905530768e-02 
       1.247881137442e-02       7.086751072389e-01       0.000000000000e+00       0.000000000000e+00      -2.954672385526e-04      -5.561305635007e-02 
       1.269320108343e-02       7.208503573866e-01       0.000000000000e+00       0.000000000000e+00      -3.057066054191e-04      -5.656291619272e-02 
       1.291127407173e-02       7.332347819706e-01       0.000000000000e+00       0.000000000000e+00      -3.163008059424e-04      -5.752890077041e-02 
       1.313309361914e-02       7.458319746705e-01       0.000000000000e+00       0.000000000000e+00      -3.272621357855e-04      -5.851128035954e-02 
       1.335872409267e-02       7.586455909059e-01       0.000000000000e+00       0.000000000000e+00      -3.386033166308e-04      -5.951032964471e-02 
       1.358823096517e-02       7.716793488979e-01       0.000000000000e+00       0.000000000000e+00      -3.503375109369e-04      -6.052632778632e-02 
       1.382168083434e-02       7.849370307476e-01       0.000000000000e+00       0.000000000000e+00      -3.624783372070e-04      -6.155955848891e-02 
       1.405914144203e-02       7.984224835340e-01       0.000000000000e+00       0.000000000000e+00      -3.750398857856e-04      -6.261031007046e-02 
       1.430068169393e-02       8.121396204297e-01       0.000000000000e+00       0.000000000000e+00      -3.880367352023e-04      -6.367887553254e-02 
       1.454637167954e-02       8.260924218369e-01       0.000000000000e+00       0.000000000000e+00      -4.014839690811e-04      -6.476555263130e-02 
       1.479628269255e-02       8.402849365425e-01       0.000000000000e+00       0.000000000000e+00      -4.153971936355e-04      -6.587064394950e-02 
       1.505048725144e-02       8.547212828925e-01       0.000000000000e+00       0.000000000000e+00      -4.297925557688e-04      -6.699445696921e-02 
       1.530905912064e-02       8.694056499874e-01       0.000000000000e+00       0.000000000000e+00      -4.446867618012e-04      -6.813730414563e-02 
       1.557207333183e-02       8.843422988979e-01       0.000000000000e+00       0.000000000000e+00      -4.600970968454e-04      -6.929950298165e-02 
       1.583960620577e-02       8.995355639008e-01       0.000000000000e+00       0.000000000000e+00      -4.760414448520e-04      -7.048137610339e-02 
       1.611173537445e-02       9.149898537373e-01       0.000000000000e+00       0.000000000000e+00      -4.925383093498e-04      -7.168325133660e-02 
       1.638853980358e-02       9.307096528922e-01       0.000000000000e+00       0.000000000000e+00      -5.096068349029e-04      -7.290546178405e-02 
       1.667009981553e-02       9.466995228947e-01       0.000000000000e+00       0.000000000000e+00      -5.272668293113e-04      -7.414834590369e-02 
       1.695649711264e-02       9.629641036429e-01       0.000000000000e+00       0.000000000000e+00      -5.455387865790e-04      -7.541224758784e-02 
       1.724781480091e-02       9.795081147495e-01       0.000000000000e+00       0.000000000000e+00      -5.644439106775e-04      -7.669751624324e-02 
       1.754413741413e-02       9.963363569114e-01       0.000000000000e+00       0.000000000000e+00      -5.840041401313e-04      -7.800450687200e-02 
       1.784555093841e-02       1.013453713303e+00       0.000000000000e+00       0.000000000000e+00      -6.042421734543e-04      -7.933358015346e-02 
       1.815214283712e-02       1.030865150994e+00       0.000000000000e+00       0.000000000000e+00      -6.251814954658e-04      -8.068510252700e-02 
       1.846400207628e-02       1.048575722388e+00       0.000000000000e+00       0.000000000000e+00      -6.468464045178e-04      -8.205944627564e-02 
       1.878121915038e-02       1.066590566691e+00       0.000000000000e+00       0.000000000000e+00      -6.692620406637e-04      -8.345698961071e-02 
       1.910388610862e-02       1.084914911405e+00       0.000000000000e+00       0.000000000000e+00      -6.924544148011e-04      -8.487811675722e-02 
       1.943209658165e-02       1.103554073836e+00       0.000000000000e+00       0.000000000000e+00      -7.164504388238e-04      -8.632321804031e-02 
       1.976594580869e-02       1.122513462650e+00       0.000000000000e+00       0.000000000000e+00      -7.412779568157e-04      -8.779268997245e-02 
       2.010553066523e-02       1.141798579429e+00       0.000000000000e+00       0.000000000000e+00      -7.669657773238e-04      -8.928693534156e-02 
       2.045094969110e-02       1.161415020279e+00       0.000000000000e+00       0.000000000000e+00      -7.935437067482e-04      -9.080636330006e-02 
       2.080230311907e-02       1.181368477445e+00       0.000000000000e+00       0.000000000000e+00      -8.210425838855e-04      -9.235138945472e-02 
       2.115969290394e-02       1.201664740969e+00       0.000000000000e+00       0.000000000000e+00      -8.494943156675e-04      -9.392243595737e-02 
       2.152322275214e-02       1.222309700367e+00       0.000000000000e+00       0.000000000000e+00      -8.789319141356e-04      -9.551993159649e-02 
       2.189299815177e-02       1.243309346337e+00       0.000000000000e+00       0.000000000000e+00      -9.093895346934e-04      -9.714431188966e-02 
       2.226912640329e-02       1.264669772501e+00       0.000000000000e+00       0.000000000000e+00      -9.409025156815e-04      -9.879601917673e-02 
       2.265171665059e-02       1.286397177171e+00       0.000000000000e+00       0.000000000000e+00      -9.735074193211e-04      -1.004755027139e-01 
       2.304087991268e-02       1.308497865147e+00       0.000000000000e+00       0.000000000000e+00      -1.007242074072e-03      -1.021832187687e-01 
       2.343672911592e-02       1.330978249547e+00       0.000000000000e+00       0.000000000000e+00      -1.042145618454e-03      -1.039196307154e-01 
       2.383937912679e-02       1.353844853671e+00       0.000000000000e+00       0.000000000000e+00      -1.078258546387e-03      -1.056852091314e-01 
       2.424894678518e-02       1.377104312887e+00       0.000000000000e+00       0.000000000000e+00      -1.115622754089e-03      -1.074804318949e-01 
       2.466555093835e-02       1.400763376565e+00       0.000000000000e+00       0.000000000000e+00      -1.154281588606e-03      -1.093057842820e-01 
       2.508931247539e-02       1.424828910028e+00       0.000000000000e+00       0.000000000000e+00      -1.194279898007e-03      -1.111617590660e-01 
       2.552035436229e-02       1.449307896548e+00       0.000000000000e+00       0.000000000000e+00      -1.235664083325e-03      -1.130488566160e-01 
       2.595880167763e-02       1.474207439372e+00       0.000000000000e+00       0.000000000000e+00      -1.278482152279e-03      -1.149675849974e-01 
       2.640478164889e-02       1.499534763784e+00       0.000000000000e+00       0.000000000000e+00      -1.322783774861e-03      -1.169184600725e-01 
       2.685842368935e-02       1.525297219200e+00       0.000000000000e+00       0.000000000000e+00      -1.368620340841e-03      -1.189020056010e-01 
       2.731985943564e-02       1.551502281299e+00       0.000000000000e+00       0.000000000000e+00      -1.416045019255e-03      -1.209187533426e-01 
       2.778922278597e-02       1.578157554197e+00       0.000000000000e+00       0.000000000000e+00      -1.465112819945e-03      -1.229692431588e-01 
       2.826664993894e-02       1.605270772650e+00       0.000000000000e+00       0.000000000000e+00      -1.515880657234e-03      -1.250540231159e-01 
       2.875227943309e-02       1.632849804299e+00       0.000000000000e+00       0.000000000000e+00      -1.568407415781e-03      -1.271736495881e-01 
       2.924625218709e-02       1.660902651955e+00       0.000000000000e+00       0.000000000000e+00      -1.622754018728e-03      -1.293286873617e-01 
       2.974871154064e-02       1.689437455918e+00       0.000000000000e+00       0.000000000000e+00      -1.678983498182e-03      -1.315197097388e-01 
       3.025980329605e-02       1.718462496342e+00       0.000000000000e+00       0.000000000000e+00      -1.737161068140e-03      -1.337472986420e-01 
       3.077967576058e-02       1.747986195634e+00       0.000000000000e+00       0.000000000000e+00      -1.797354199925e-03      -1.360120447193e-01 
       3.130847978942e-02       1.778017120905e+00       0.000000000000e+00       0.000000000000e+00      -1.859632700220e-03      -1.383145474488e-01 
       3.184636882953e-02       1.808563986447e+00       0.000000000000e+00       0.000000000000e+00      -1.924068791803e-03      -1.406554152447e-01 
       3.239349896410e-02       1.839635656269e+00       0.000000000000e+00       0.000000000000e+00      -1.990737197053e-03      -1.430352655621e-01 
       3.295002895792e-02       1.871241146665e+00       0.000000000000e+00       0.000000000000e+00      -2.059715224344e-03      -1.454547250028e-01 
       3.351612030335e-02       1.903389628832e+00       0.000000000000e+00       0.000000000000e+00      -2.131082857414e-03      -1.479144294211e-01 
       3.409193726730e-02       1.936090431531e+00       0.000000000000e+00       0.000000000000e+00      -2.204922847811e-03      -1.504150240292e-01 
       3.467764693878e-02       1.969353043793e+00       0.000000000000e+00       0.000000000000e+00      -2.281320810524e-03      -1.529571635027e-01 
       3.527341927747e-02       2.003187117676e+00       0.000000000000e+00       0.000000000000e+00      -2.360365322913e-03      -1.555415120861e-01 
       3.587942716300e-02       2.037602471061e+00       0.000000000000e+00       0.000000000000e+00      -2.442148027041e-03      -1.581687436980e-01 
       3.649584644513e-02       2.072609090502e+00       0.000000000000e+00       0.000000000000e+00      -2.526763735526e-03      -1.608395420356e-01 
       3.712285599475e-02       2.108217134128e+00       0.000000000000e+00       0.000000000000e+00      -2.614310541049e-03      -1.635546006798e-01 
       3.776063775584e-02       2.144436934586e+00       0.000000000000e+00       0.000000000000e+00      -2.704889929613e-03      -1.663146231984e-01 
       3.840937679820e-02       2.181279002041e+00       0.000000000000e+00       0.000000000000e+00      -2.798606897713e-03      -1.691203232503e-01 
       3.906926137119e-02       2.218754027226e+00       0.000000000000e+00       0.000000000000e+00      -2.895570073531e-03      -1.719724246878e-01 
       3.974048295838e-02       2.256872884544e+00       0.000000000000e+00       0.000000000000e+00      -2.995891842296e-03      -1.748716616589e-01 
       4.042323633304e-02       2.295646635223e+00       0.000000000000e+00       0.000000000000e+00      -3.099688475955e-03      -1.778187787082e-01 
       4.111771961474e-02       2.335086530528e+00       0.000000000000e+00       0.000000000000e+00      -3.207080267304e-03      -1.808145308777e-01 
       4.182413432678e-02       2.375204015021e+00       0.000000000000e+00       0.000000000000e+00      -3.318191668720e-03      -1.838596838054e-01 
       4.254268545471e-02       2.416010729888e+00       0.000000000000e+00       0.000000000000e+00      -3.433151435668e-03      -1.869550138235e-01 
       4.327358150576e-02       2.457518516313e+00       0.000000000000e+00       0.000000000000e+00      -3.552092775123e-03      -1.901013080551e-01 
       4.401703456943e-02       2.499739418914e+00       0.000000000000e+00       0.000000000000e+00      -3.675153499096e-03      -1.932993645095e-01 
       4.477326037892e-02       2.542685689241e+00       0.000000000000e+00       0.000000000000e+00      -3.802476183427e-03      -1.965499921754e-01 
       4.554247837384e-02       2.586369789328e+00       0.000000000000e+00       0.000000000000e+00      -3.934208332019e-03      -1.998540111135e-01 
       4.632491176382e-02       2.630804395310e+00       0.000000000000e+00       0.000000000000e+00      -4.070502546709e-03      -2.032122525457e-01 
       4.712078759328e-02       2.676002401103e+00       0.000000000000e+00       0.000000000000e+00      -4.211516702958e-03      -2.066255589438e-01 
       4.793033680736e-02       2.721976922144e+00       0.000000000000e+00       0.000000000000e+00      -4.357414131563e-03      -2.100947841149e-01 
       4.875379431889e-02       2.768741299197e+00       0.000000000000e+00       0.000000000000e+00      -4.508363806591e-03      -2.136207932849e-01 
       4.959139907658e-02       2.816309102225e+00       0.000000000000e+00       0.000000000000e+00      -4.664540539745e-03      -2.172044631795e-01 
       5.044339413435e-02       2.864694134326e+00       0.000000000000e+00       0.000000000000e+00      -4.826125181387e-03      -2.208466821020e-01 
       5.131002672185e-02       2.913910435739e+00       0.000000000000e+00       0.000000000000e+00      -4.993304828429e-03      -2.245483500089e-01 
       5.219154831622e-02       2.963972287921e+00       0.000000000000e+00       0.000000000000e+00      -5.166273039338e-03      -2.283103785817e-01 
       5.308821471504e-02       3.014894217684e+00       0.000000000000e+00       0.000000000000e+00      -5.345230056481e-03      -2.321336912957e-01 
       5.400028611059e-02       3.066691001421e+00       0.000000000000e+00       0.000000000000e+00      -5.530383036077e-03      -2.360192234848e-01 
       5.492802716531e-02       3.119377669383e+00       0.000000000000e+00       0.000000000000e+00      -5.721946285982e-03      -2.399679224035e-01 
       5.587170708862e-02       3.172969510047e+00       0.000000000000e+00       0.000000000000e+00      -5.920141511599e-03      -2.439807472835e-01 
       5.683159971506e-02       3.227482074551e+00       0.000000000000e+00       0.000000000000e+00      -6.125198070172e-03      -2.480586693870e-01 
       5.780798358372e-02       3.282931181205e+00       0.000000000000e+00       0.000000000000e+00      -6.337353233744e-03      -2.522026720547e-01 
       5.880114201905e-02       3.339332920085e+00       0.000000000000e+00       0.000000000000e+00      -6.556852461069e-03      -2.564137507499e-01 
       5.981136321313e-02       3.396703657695e+00       0.000000000000e+00       0.000000000000e+00      -6.783949678789e-03      -2.606929130964e-01 
       6.083894030925e-02       3.455060041724e+00       0.000000000000e+00       0.000000000000e+00      -7.018907572167e-03      -2.650411789113e-01 
       6.188417148701e-02       3.514419005872e+00       0.000000000000e+00       0.000000000000e+00      -7.261997885706e-03      -2.694595802327e-01 
       6.294736004879e-02       3.574797774765e+00       0.000000000000e+00       0.000000000000e+00      -7.513501733987e-03      -2.739491613404e-01 
       6.402881450782e-02       3.636213868954e+00       0.000000000000e+00       0.000000000000e+00      -7.773709923049e-03      -2.785109787704e-01 
       6.512884867768e-02       3.698685109996e+00       0.000000000000e+00       0.000000000000e+00      -8.042923282680e-03      -2.831461013233e-01 
       6.624778176335e-02       3.762229625630e+00       0.000000000000e+00       0.000000000000e+00      -8.321453009969e-03      -2.878556100642e-01 
       6.738593845386e-02       3.826865855035e+00       0.000000000000e+00       0.000000000000e+00      -8.609621024493e-03      -2.926405983165e-01 
       6.854364901647e-02       3.892612554179e+00       0.000000000000e+00       0.000000000000e+00      -8.907760335527e-03      -2.975021716469e-01 
       6.972124939256e-02       3.959488801265e+00       0.000000000000e+00       0.000000000000e+00      -9.216215421671e-03      -3.024414478418e-01 
       7.091908129506e-02       4.027514002263e+00       0.000000000000e+00       0.000000000000e+00      -9.535342623301e-03      -3.074595568758e-01 
       7.213749230766e-02       4.096707896545e+00       0.000000000000e+00       0.000000000000e+00      -9.865510548268e-03      -3.125576408702e-01 
       7.337683598560e-02       4.167090562612e+00       0.000000000000e+00       0.000000000000e+00      -1.020710049128e-02      -3.177368540418e-01 
       7.463747195834e-02       4.238682423917e+00       0.000000000000e+00       0.000000000000e+00      -1.056050686740e-02      -3.229983626420e-01 
       7.591976603386e-02       4.311504254796e+00       0.000000000000e+00       0.000000000000e+00      -1.092613766018e-02      -3.283433448841e-01 
       7.722409030484e-02       4.385577186495e+00       0.000000000000e+00       0.000000000000e+00      -1.130441488477e-02      -3.337729908607e-01 
       7.855082325663e-02       4.460922713298e+00       0.000000000000e+00       0.000000000000e+00      -1.169577506669e-02      -3.392885024477e-01 
       7.990034987706e-02       4.537562698771e+00       0.000000000000e+00       0.000000000000e+00      -1.210066973656e-02      -3.448910931975e-01 
       8.127306176817e-02       4.615519382100e+00       0.000000000000e+00       0.000000000000e+00      -1.251956594149e-02      -3.505819882173e-01 
       8.266935725984e-02       4.694815384548e+00       0.000000000000e+00       0.000000000000e+00      -1.295294677353e-02      -3.563624240355e-01 
       8.408964152537e-02       4.775473716018e+00       0.000000000000e+00       0.000000000000e+00      -1.340131191582e-02      -3.622336484523e-01 
       8.553432669907e-02       4.857517781729e+00       0.000000000000e+00       0.000000000000e+00      -1.386517820690e-02      -3.681969203766e-01 
       8.700383199584e-02       4.940971389010e+00       0.000000000000e+00       0.000000000000e+00      -1.434508022394e-02      -3.742535096457e-01 
       8.849858383280e-02       5.025858754206e+00       0.000000000000e+00       0.000000000000e+00      -1.484157088527e-02      -3.804046968299e-01 
       9.001901595307e-02       5.112204509707e+00       0.000000000000e+00       0.000000000000e+00      -1.535522207304e-02      -3.866517730190e-01 
       9.156556955158e-02       5.200033711094e+00       0.000000000000e+00       0.000000000000e+00      -1.588662527644e-02      -3.929960395910e-01 
       9.313869340314e-02       5.289371844411e+00       0.000000000000e+00       0.000000000000e+00      -1.643639225630e-02      -3.994388079618e-01 
       9.473884399264e-02       5.380244833560e+00       0.000000000000e+00       0.000000000000e+00      -1.700515573168e-02      -4.059813993154e-01 
       9.636648564751e-02       5.472679047821e+00       0.000000000000e+00       0.000000000000e+00      -1.759357008908e-02      -4.126251443132e-01 
       9.802209067247e-02       5.566701309510e+00       0.000000000000e+00       0.000000000000e+00      -1.820231211508e-02      -4.193713827820e-01 
       9.970613948658e-02       5.662338901755e+00       0.000000000000e+00       0.000000000000e+00      -1.883208175303e-02      -4.262214633789e-01 
       1.014191207626e-01       5.759619576419e+00       0.000000000000e+00       0.000000000000e+00      -1.948360288467e-02      -4.331767432331e-01 
       1.031615315690e-01       5.858571562149e+00       0.000000000000e+00       0.000000000000e+00      -2.015762413728e-02      -4.402385875632e-01 
       1.049338775137e-01       5.959223572567e+00       0.000000000000e+00       0.000000000000e+00      -2.085491971727e-02      -4.474083692680e-01 
       1.067366728915e-01       6.061604814607e+00       0.000000000000e+00       0.000000000000e+00      -2.157629027098e-02      -4.546874684914e-01 
       1.085704408328e-01       6.165744996985e+00       0.000000000000e+00       0.000000000000e+00      -2.232256377351e-02      -4.620772721586e-01 
       1.104357134553e-01       6.271674338820e+00       0.000000000000e+00       0.000000000000e+00      -2.309459644638e-02      -4.695791734832e-01 
       1.123330320189e-01       6.379423578408e+00       0.000000000000e+00       0.000000000000e+00      -2.389327370499e-02      -4.771945714440e-01 
       1.142629470825e-01       6.489023982135e+00       0.000000000000e+00       0.000000000000e+00      -2.471951113666e-02      -4.849248702296e-01 
       1.162260186637e-01       6.600507353556e+00       0.000000000000e+00       0.000000000000e+00      -2.557425551025e-02      -4.927714786499e-01 
       1.182228164014e-01       6.713906042617e+00       0.000000000000e+00       0.000000000000e+00      -2.645848581816e-02      -5.007358095132e-01 
       1.202539197211e-01       6.829252955048e+00       0.000000000000e+00       0.000000000000e+00      -2.737321435180e-02      -5.088192789665e-01 
       1.223199180028e-01       6.946581561909e+00       0.000000000000e+00       0.000000000000e+00      -2.831948781147e-02      -5.170233057990e-01 
       1.244214107524e-01       7.065925909303e+00       0.000000000000e+00       0.000000000000e+00      -2.929838845148e-02      -5.253493107054e-01 
       1.265590077756e-01       7.187320628253e+00       0.000000000000e+00       0.000000000000e+00      -3.031103526176e-02      -5.337987155091e-01 
       1.287333293545e-01       7.310800944757e+00       0.000000000000e+00       0.000000000000e+00      -3.135858518686e-02      -5.423729423423e-01 
       1.309450064280e-01       7.436402690004e+00       0.000000000000e+00       0.000000000000e+00      -3.244223438330e-02      -5.510734127813e-01 
       1.331946807746e-01       7.564162310774e+00       0.000000000000e+00       0.000000000000e+00      -3.356321951656e-02      -5.599015469369e-01 
       1.354830051989e-01       7.694116880012e+00       0.000000000000e+00       0.000000000000e+00      -3.472281909864e-02      -5.688587624946e-01 
       1.378106437207e-01       7.826304107590e+00       0.000000000000e+00       0.000000000000e+00      -3.592235486726e-02      -5.779464737064e-01 
       1.401782717680e-01       7.960762351246e+00       0.000000000000e+00       0.000000000000e+00      -3.716319320799e-02      -5.871660903294e-01 
       1.425865763728e-01       8.097530627713e+00       0.000000000000e+00       0.000000000000e+00      -3.844674662029e-02      -5.965190165100e-01 
       1.450362563704e-01       8.236648624047e+00       0.000000000000e+00       0.000000000000e+00      -3.977447522868e-02      -6.060066496119e-01 
       1.475280226026e-01       8.378156709137e+00       0.000000000000e+00       0.000000000000e+00      -4.114788834020e-02      -6.156303789851e-01 
       1.500625981233e-01       8.522095945422e+00       0.000000000000e+00       0.000000000000e+00      -4.256854604934e-02      -6.253915846729e-01 
       1.526407184091e-01       8.668508100806e+00       0.000000000000e+00       0.000000000000e+00      -4.403806089164e-02      -6.352916360564e-01 
       1.552631315718e-01       8.817435660779e+00       0.000000000000e+00       0.000000000000e+00      -4.555809954712e-02      -6.453318904313e-01 
       1.579305985765e-01       8.968921840743e+00       0.000000000000e+00       0.000000000000e+00      -4.713038459483e-02      -6.555136915170e-01 
       1.606438934616e-01       9.123010598554e+00       0.000000000000e+00       0.000000000000e+00      -4.875669631967e-02      -6.658383678926e-01 
       1.634038035637e-01       9.279746647277e+00       0.000000000000e+00       0.000000000000e+00      -5.043887457266e-02      -6.763072313598e-01 
       1.662111297462e-01       9.439175468162e+00       0.000000000000e+00       0.000000000000e+00      -5.217882068606e-02      -6.869215752269e-01 
       1.690666866316e-01       9.601343323839e+00       0.000000000000e+00       0.000000000000e+00      -5.397849944433e-02      -6.976826725132e-01 
       1.719713028378e-01       9.766297271744e+00       0.000000000000e+00       0.000000000000e+00      -5.583994111230e-02      -7.085917740694e-01 
       1.749258212185e-01       9.934085177775e+00       0.000000000000e+00       0.000000000000e+00      -5.776524352174e-02      -7.196501066106e-01 
       1.779310991080e-01       1.010475573018e+01       0.000000000000e+00       0.000000000000e+00      -5.975657421746e-02      -7.308588706597e-01 
       1.809880085698e-01       1.027835845368e+01       0.000000000000e+00       0.000000000000e+00      -6.181617266417e-02      -7.422192383961e-01 
       1.840974366498e-01       1.045494372386e+01       0.000000000000e+00       0.000000000000e+00      -6.394635251531e-02      -7.537323514079e-01 
       1.872602856336e-01       1.063456278176e+01       0.000000000000e+00       0.000000000000e+00      -6.614950394481e-02      -7.653993183419e-01 
       1.904774733082e-01       1.081726774876e+01       0.000000000000e+00       0.000000000000e+00      -6.842809604319e-02      -7.772212124494e-01 
       1.937499332286e-01       1.100311164169e+01       0.000000000000e+00       0.000000000000e+00      -7.078467927873e-02      -7.891990690223e-01 
       1.970786149885e-01       1.119214838825e+01       0.000000000000e+00       0.000000000000e+00      -7.322188802498e-02      -8.013338827167e-01 
       2.004644844959e-01       1.138443284262e+01       0.000000000000e+00       0.000000000000e+00      -7.574244315557e-02      -8.136266047585e-01 
       2.039085242534e-01       1.158002080137e+01       0.000000000000e+00       0.000000000000e+00      -7.834915470707e-02      -8.260781400276e-01 
       2.074117336432e-01       1.177896901972e+01       0.000000000000e+00       0.000000000000e+00      -8.104492461103e-02      -8.386893440160e-01 
       2.109751292174e-01       1.198133522792e+01       0.000000000000e+00       0.000000000000e+00      -8.383274949575e-02      -8.514610196543e-01 
       2.145997449925e-01       1.218717814806e+01       0.000000000000e+00       0.000000000000e+00      -8.671572355867e-02      -8.643939140028e-01 
       2.182866327500e-01       1.239655751108e+01       0.000000000000e+00       0.000000000000e+00      -8.969704150987e-02      -8.774887148021e-01 
       2.220368623411e-01       1.260953407415e+01       0.000000000000e+00       0.000000000000e+00      -9.278000158733e-02      -8.907460468777e-01 
       2.258515219974e-01       1.282616963822e+01       0.000000000000e+00       0.000000000000e+00      -9.596800864418e-02      -9.041664683931e-01 
       2.297317186467e-01       1.304652706602e+01       0.000000000000e+00       0.000000000000e+00      -9.926457730840e-02      -9.177504669472e-01 
       2.336785782341e-01       1.327067030030e+01       0.000000000000e+00       0.000000000000e+00      -1.026733352150e-01      -9.314984555087e-01 
       2.376932460489e-01       1.349866438233e+01       0.000000000000e+00       0.000000000000e+00      -1.061980263107e-01      -9.454107681835e-01 
       2.417768870566e-01       1.373057547083e+01       0.000000000000e+00       0.000000000000e+00      -1.098425142309e-01      -9.594876558083e-01 
       2.459306862373e-01       1.396647086115e+01       0.000000000000e+00       0.000000000000e+00      -1.136107857485e-01      -9.737292813634e-01 
       2.501558489294e-01       1.420641900477e+01       0.000000000000e+00       0.000000000000e+00      -1.175069542943e-01      -9.881357152014e-01 
       2.544536011793e-01       1.445048952922e+01       0.000000000000e+00       0.000000000000e+00      -1.215352635475e-01      -1.002706930082e+00 
       2.588251900974e-01       1.469875325822e+01       0.000000000000e+00       0.000000000000e+00      -1.257000910964e-01      -1.017442796008e+00 
       2.632718842197e-01       1.495128223229e+01       0.000000000000e+00       0.000000000000e+00      -1.300059521665e-01      -1.032343074858e+00 
       2.677949738760e-01       1.520814972960e+01       0.000000000000e+00       0.000000000000e+00      -1.344575034155e-01      -1.047407414802e+00 
       2.723957715644e-01       1.546943028729e+01       0.000000000000e+00       0.000000000000e+00      -1.390595467931e-01      -1.062635344504e+00 
       2.770756123322e-01       1.573519972306e+01       0.000000000000e+00       0.000000000000e+00      -1.438170334627e-01      -1.078026267091e+00 
       2.818358541630e-01       1.600553515716e+01       0.000000000000e+00       0.000000000000e+00      -1.487350677831e-01      -1.093579453893e+00 
       2.866778783713e-01       1.628051503481e+01       0.000000000000e+00       0.000000000000e+00      -1.538189113469e-01      -1.109294037942e+00 
       2.916030900025e-01       1.656021914895e+01       0.000000000000e+00       0.000000000000e+00      -1.590739870713e-01      -1.125169007215e+00 
       2.966129182417e-01       1.684472866336e+01       0.000000000000e+00       0.000000000000e+00      -1.645058833390e-01      -1.141203197629e+00 
       3.017088168273e-01       1.713412613627e+01       0.000000000000e+00       0.000000000000e+00      -1.701203581830e-01      -1.157395285768e+00 
       3.068922644736e-01       1.742849554425e+01       0.000000000000e+00       0.000000000000e+00      -1.759233435109e-01      -1.173743781332e+00 
       3.121647652997e-01       1.772792230665e+01       0.000000000000e+00       0.000000000000e+00      -1.819209493635e-01      -1.190247019314e+00 
       3.175278492658e-01       1.803249331031e+01       0.000000000000e+00       0.000000000000e+00      -1.881194682008e-01      -1.206903151881e+00 
       3.229830726173e-01       1.834229693484e+01       0.000000000000e+00       0.000000000000e+00      -1.945253792076e-01      -1.223710139958e+00 
       3.285320183365e-01       1.865742307824e+01       0.000000000000e+00       0.000000000000e+00      -2.011453526136e-01      -1.240665744513e+00 
       3.341762966015e-01       1.897796318296e+01       0.000000000000e+00       0.000000000000e+00      -2.079862540155e-01      -1.257767517516e+00 
       3.399175452541e-01       1.930401026248e+01       0.000000000000e+00       0.000000000000e+00      -2.150551486958e-01      -1.275012792584e+00 
       3.457574302744e-01       1.963565892828e+01       0.000000000000e+00       0.000000000000e+00      -2.223593059238e-01      -1.292398675288e+00 
       3.516976462648e-01       1.997300541727e+01       0.000000000000e+00       0.000000000000e+00      -2.299062032311e-01      -1.309922033128e+00 
       3.577399169413e-01       2.031614761978e+01       0.000000000000e+00       0.000000000000e+00      -2.377035306466e-01      -1.327579485145e+00 
       3.638859956339e-01       2.066518510787e+01       0.000000000000e+00       0.000000000000e+00      -2.457591948782e-01      -1.345367391191e+00 
       3.701376657953e-01       2.102021916434e+01       0.000000000000e+00       0.000000000000e+00      -2.540813234262e-01      -1.363281840820e+00 
       3.764967415186e-01       2.138135281200e+01       0.000000000000e+00       0.000000000000e+00      -2.626782686130e-01      -1.381318641812e+00 
       3.829650680633e-01       2.174869084366e+01       0.000000000000e+00       0.000000000000e+00      -2.715586115096e-01      -1.399473308309e+00 
       3.895445223914e-01       2.212233985250e+01       0.000000000000e+00       0.000000000000e+00      -2.807311657420e-01      -1.417741048563e+00 
       3.962370137112e-01       2.250240826298e+01       0.000000000000e+00       0.000000000000e+00      -2.902049811551e-01      -1.436116752284e+00 
       4.030444840321e-01       2.288900636234e+01       0.000000000000e+00       0.000000000000e+00      -2.999893473120e-01      -1.454594977576e+00 
       4.099689087277e-01       2.328224633260e+01       0.000000000000e+00       0.000000000000e+00      -3.100937968054e-01      -1.473169937468e+00 
       4.170122971091e-01       2.368224228308e+01       0.000000000000e+00       0.000000000000e+00      -3.205281083535e-01      -1.491835486013e+00 
       4.241766930080e-01       2.408911028353e+01       0.000000000000e+00       0.000000000000e+00      -3.313023096524e-01      -1.510585103964e+00 
       4.314641753698e-01       2.450296839784e+01       0.000000000000e+00       0.000000000000e+00      -3.424266799555e-01      -1.529411884017e+00 
       4.388768588565e-01       2.492393671824e+01       0.000000000000e+00       0.000000000000e+00      -3.539117523454e-01      -1.548308515603e+00 
       4.464168944610e-01       2.535213740020e+01       0.000000000000e+00       0.000000000000e+00      -3.657683156642e-01      -1.567267269249e+00 
       4.540864701307e-01       2.578769469786e+01       0.000000000000e+00       0.000000000000e+00      -3.780074160639e-01      -1.586279980476e+00 
       4.618878114026e-01       2.623073500006e+01       0.000000000000e+00       0.000000000000e+00      -3.906403581351e-01      -1.605338033251e+00 
       4.698231820493e-01       2.668138686708e+01       0.000000000000e+00       0.000000000000e+00      -4.036787055717e-01      -1.624432342973e+00 
       4.778948847353e-01       2.713978106785e+01       0.000000000000e+00       0.000000000000e+00      -4.171342813243e-01      -1.643553339013e+00 
       4.861052616859e-01       2.760605061800e+01       0.000000000000e+00       0.000000000000e+00      -4.310191671903e-01      -1.662690946780e+00 
       4.944566953664e-01       2.808033081838e+01       0.000000000000e+00       0.000000000000e+00      -4.453457027903e-01      -1.681834569339e+00 
       5.029516091736e-01       2.856275929435e+01       0.000000000000e+00       0.000000000000e+00      -4.601264838698e-01      -1.700973068559e+00 
       5.115924681389e-01       2.905347603572e+01       0.000000000000e+00       0.000000000000e+00      -4.753743598674e-01      -1.720094745821e+00 
       5.203817796437e-01       2.955262343738e+01       0.000000000000e+00       0.000000000000e+00      -4.911024306828e-01      -1.739187322261e+00 
       5.293220941471e-01       3.006034634057e+01       0.000000000000e+00       0.000000000000e+00      -5.073240425752e-01      -1.758237918574e+00 
       5.384160059257e-01       3.057679207499e+01       0.000000000000e+00       0.000000000000e+00      -5.240527831182e-01      -1.777233034386e+00 
       5.476661538266e-01       3.110211050148e+01       0.000000000000e+00       0.000000000000e+00      -5.413024751304e-01      -1.796158527196e+00 
       5.570752220331e-01       3.163645405554e+01       0.000000000000e+00       0.000000000000e+00      -5.590871695008e-01      -1.814999590901e+00 
       5.666459408435e-01       3.217997779156e+01       0.000000000000e+00       0.000000000000e+00      -5.774211368165e-01      -1.833740733930e+00 
       5.763810874636e-01       3.273283942781e+01       0.000000000000e+00       0.000000000000e+00      -5.963188576998e-01      -1.852365756993e+00 
       5.862834868121e-01       3.329519939221e+01       0.000000000000e+00       0.000000000000e+00      -6.157950117541e-01      -1.870857730466e+00 
       5.963560123411e-01       3.386722086887e+01       0.000000000000e+00       0.000000000000e+00      -6.358644650120e-01      -1.889198971447e+00 
       6.066015868690e-01       3.444906984547e+01       0.000000000000e+00       0.000000000000e+00      -6.565422557733e-01      -1.907371020497e+00 
       6.170231834295e-01       3.504091516138e+01       0.000000000000e+00       0.000000000000e+00      -6.778435787135e-01      -1.925354618096e+00 
       6.276238261336e-01       3.564292855671e+01       0.000000000000e+00       0.000000000000e+00      -6.997837671390e-01      -1.943129680869e+00 
       6.384065910477e-01       3.625528472209e+01       0.000000000000e+00       0.000000000000e+00      -7.223782732540e-01      -1.960675277587e+00 
       6.493746070857e-01       3.687816134942e+01       0.000000000000e+00       0.000000000000e+00      -7.456426463031e-01      -1.977969605022e+00 
       6.605310569173e-01       3.751173918336e+01       0.000000000000e+00       0.000000000000e+00      -7.695925084397e-01      -1.994989963676e+00 
       6.718791778914e-01       3.815620207386e+01       0.000000000000e+00       0.000000000000e+00      -7.942435281685e-01      -2.011712733450e+00 
       6.834222629755e-01       3.881173702942e+01       0.000000000000e+00       0.000000000000e+00      -8.196113912004e-01      -2.028113349315e+00 
       6.951636617113e-01       3.947853427145e+01       0.000000000000e+00       0.000000000000e+00      -8.457117685485e-01      -2.044166277042e+00 
       7.071067811865e-01       4.015678728938e+01       0.000000000000e+00       0.000000000000e+00      -8.725602816908e-01      -2.059844989067e+00 
       7.192550870239e-01       4.084669289687e+01       0.000000000000e+00       0.000000000000e+00      -9.001724646126e-01      -2.075121940566e+00 
       7.316121043864e-01       4.154845128890e+01       0.000000000000e+00       0.000000000000e+00      -9.285637225366e-01      -2.089968545828e+00 
       7.441814190003e-01       4.226226609984e+01       0.000000000000e+00       0.000000000000e+00      -9.577492871386e-01      -2.104355155020e+00 
       7.569666781960e-01       4.298834446257e+01       0.000000000000e+00       0.000000000000e+00      -9.877441680421e-01      -2.118251031446e+00 
       7.699715919659e-01       4.372689706858e+01       0.000000000000e+00       0.000000000000e+00      -1.018563100373e+00      -2.131624329400e+00 
       7.831999340411e-01       4.447813822909e+01       0.000000000000e+00       0.000000000000e+00      -1.050220488149e+00      -2.144442072748e+00 
       7.966555429869e-01       4.524228593728e+01       0.000000000000e+00       0.000000000000e+00      -1.082730343281e+00      -2.156670134358e+00 
       8.103423233159e-01       4.601956193147e+01       0.000000000000e+00       0.000000000000e+00      -1.116106219929e+00      -2.168273216515e+00 
       8.242642466215e-01       4.681019175955e+01       0.000000000000e+00       0.000000000000e+00      -1.150361143995e+00      -2.179214832487e+00 
       8.384253527305e-01       4.761440484438e+01       0.000000000000e+00       0.000000000000e+00      -1.185507537469e+00      -2.189457289373e+00 
       8.528297508748e-01       4.843243455036e+01       0.000000000000e+00       0.000000000000e+00      -1.221557137405e+00      -2.198961672447e+00 
       8.674816208844e-01       4.926451825118e+01       0.000000000000e+00       0.000000000000e+00      -1.258520909235e+00      -2.207687831145e+00 
       8.823852143998e-01       5.011089739867e+01       0.000000000000e+00       0.000000000000e+00      -1.296408954182e+00      -2.215594366917e+00 
       8.975448561061e-01       5.097181759288e+01       0.000000000000e+00       0.000000000000e+00      -1.335230410488e+00      -2.222638623155e+00 
       9.129649449878e-01       5.184752865333e+01       0.000000000000e+00       0.000000000000e+00      -1.374993348197e+00      -2.228776677408e+00 
       9.286499556051e-01       5.273828469152e+01       0.000000000000e+00       0.000000000000e+00      -1.415704657218e+00      -2.233963336150e+00 
       9.446044393927e-01       5.364434418468e+01       0.000000000000e+00       0.000000000000e+00      -1.457369928408e+00      -2.238152132329e+00 
       9.608330259801e-01       5.456597005073e+01       0.000000000000e+00       0.000000000000e+00      -1.499993327413e+00      -2.241295325999e+00 
       9.773404245355e-01       5.550342972461e+01       0.000000000000e+00       0.000000000000e+00      -1.543577461006e+00      -2.243343908300e+00 
       9.941314251317e-01       5.645699523587e+01       0.000000000000e+00       0.000000000000e+00      -1.588123235671e+00      -2.244247609102e+00 
       1.011210900137e+00       5.742694328761e+01       0.000000000000e+00       0.000000000000e+00      -1.633629708215e+00      -2.243954908633e+00 
       1.028583805627e+00       5.841355533677e+01       0.000000000000e+00       0.000000000000e+00      -1.680093928158e+00      -2.242413053437e+00 
       1.046255182825e+00       5.941711767581e+01       0.000000000000e+00       0.000000000000e+00      -1.727510771721e+00      -2.239568077000e+00 
       1.064230159566e+00       6.043792151577e+01       0.000000000000e+00       0.000000000000e+00      -1.775872767216e+00      -2.235364825447e+00 
       1.082513951779e+00       6.147626307080e+01       0.000000000000e+00       0.000000000000e+00      -1.825169911685e+00      -2.229746988675e+00 
       1.101111865007e+00       6.253244364408e+01       0.000000000000e+00       0.000000000000e+00      -1.875389478662e+00      -2.222657137349e+00 
       1.120029295943e+00       6.360676971527e+01       0.000000000000e+00       0.000000000000e+00      -1.926515816961e+00      -2.214036766188e+00 
       1.139271733996e+00       6.469955302945e+01       0.000000000000e+00       0.000000000000e+00      -1.978530140450e+00      -2.203826343971e+00 
       1.158844762886e+00       6.581111068758e+01       0.000000000000e+00       0.000000000000e+00      -2.031410308792e+00      -2.191965370744e+00 
       1.178754062262e+00       6.694176523849e+01       0.000000000000e+00       0.000000000000e+00      -2.085130599223e+00      -2.178392442696e+00 
       1.199005409352e+00       6.809184477251e+01       0.000000000000e+00       0.000000000000e+00      -2.139661469448e+00      -2.163045325189e+00 
       1.219604680637e+00       6.926168301666e+01       0.000000000000e+00       0.000000000000e+00      -2.194969311867e+00      -2.145861034465e+00 
       1.240557853560e+00       7.045161943147e+01       0.000000000000e+00       0.000000000000e+00      -2.251016199348e+00      -2.126775928529e+00 
       1.261871008256e+00       7.166199930954e+01       0.000000000000e+00       0.000000000000e+00      -2.307759622918e+00      -2.105725807763e+00 
       1.283550329319e+00       7.289317387566e+01       0.000000000000e+00       0.000000000000e+00      -2.365152221768e+00      -2.082646025776e+00 
       1.305602107598e+00       7.414550038879e+01       0.000000000000e+00       0.000000000000e+00      -2.423141506146e+00      -2.057471611067e+00 
       1.328032742019e+00       7.541934224571e+01       0.000000000000e+00       0.000000000000e+00      -2.481669573739e+00      -2.030137400031e+00 
       1.350848741442e+00       7.671506908645e+01       0.000000000000e+00       0.000000000000e+00      -2.540672820360e+00      -2.000578181858e+00 
       1.374056726555e+00       7.803305690158e+01       0.000000000000e+00       0.000000000000e+00      -2.600081645813e+00      -1.968728855880e+00 
       1.397663431789e+00       7.937368814128e+01       0.000000000000e+00       0.000000000000e+00      -2.659820156005e+00      -1.934524601901e+00 
       1.421675707274e+00       8.073735182636e+01       0.000000000000e+00       0.000000000000e+00      -2.719805862507e+00      -1.897901064030e+00 
       1.446100520828e+00       8.212444366112e+01       0.000000000000e+00       0.000000000000e+00      -2.779949380963e+00      -1.858794548549e+00 
       1.470944959979e+00       8.353536614816e+01       0.000000000000e+00       0.000000000000e+00      -2.840154129890e+00      -1.817142236279e+00 
       1.496216234020e+00       8.497052870523e+01       0.000000000000e+00       0.000000000000e+00      -2.900316031643e+00      -1.772882409929e+00 
       1.521921676103e+00       8.643034778395e+01       0.000000000000e+00       0.000000000000e+00      -2.960323217521e+00      -1.725954696846e+00 
       1.548068745362e+00       8.791524699075e+01       0.000000000000e+00       0.000000000000e+00      -3.020055739183e+00      -1.676300327543e+00 
       1.574665029087e+00       8.942565720973e+01       0.000000000000e+00       0.000000000000e+00      -3.079385288823e+00      -1.623862410353e+00 
       1.601718244915e+00       9.096201672769e+01       0.000000000000e+00       0.000000000000e+00      -3.138174930738e+00      -1.568586222470e+00 
       1.629236243076e+00       9.252477136135e+01       0.000000000000e+00       0.000000000000e+00      -3.196278847249e+00      -1.510419517603e+00 
       1.657227008670e+00       9.411437458668e+01       0.000000000000e+00       0.000000000000e+00      -3.253542102112e+00      -1.449312850341e+00 
       1.685698663983e+00       9.573128767052e+01       0.000000000000e+00       0.000000000000e+00      -3.309800424921e+00      -1.385219917301e+00 
       1.714659470843e+00       9.737597980439e+01       0.000000000000e+00       0.000000000000e+00      -3.364880020194e+00      -1.318097914973e+00 
       1.744117833021e+00       9.904892824068e+01       0.000000000000e+00       0.000000000000e+00      -3.418597405191e+00      -1.247907914093e+00 
       1.774082298666e+00       1.007506184311e+02       0.000000000000e+00       0.000000000000e+00      -3.470759280739e+00      -1.174615250250e+00 
       1.804561562786e+00       1.024815441676e+02       0.000000000000e+00       0.000000000000e+00      -3.521162439662e+00      -1.098189930280e+00 
       1.835564469773e+00       1.042422077256e+02       0.000000000000e+00       0.000000000000e+00      -3.569593717667e+00      -1.018607053850e+00 
       1.867100015968e+00       1.060331200097e+02       0.000000000000e+00       0.000000000000e+00      -3.615829991823e+00      -9.358472494883e-01 
       1.899177352272e+00       1.078548007021e+02       0.000000000000e+00       0.000000000000e+00      -3.659638232029e+00      -8.498971241068e-01 
       1.931805786801e+00       1.097077784133e+02       0.000000000000e+00       0.000000000000e+00      -3.700775611078e+00      -7.607497248814e-01 
       1.964994787587e+00       1.115925908353e+02       0.000000000000e+00       0.000000000000e+00      -3.738989679200e+00      -6.684050121485e-01 
       1.998753985325e+00       1.135097848981e+02       0.000000000000e+00       0.000000000000e+00      -3.774018609096e+00      -5.728703417396e-01 
       2.033093176171e+00       1.154599169279e+02       0.000000000000e+00       0.000000000000e+00      -3.805591517662e+00      -4.741609549457e-01 
       2.068022324578e+00       1.174435528088e+02       0.000000000000e+00       0.000000000000e+00      -3.833428870715e+00      -3.723004740448e-01 
       2.103551566195e+00       1.194612681470e+02       0.000000000000e+00       0.000000000000e+00      -3.857242977077e+00      -2.673214010621e-01 
       2.139691210801e+00       1.215136484378e+02       0.000000000000e+00       0.000000000000e+00      -3.876738578392e+00      -1.592656171537e-01 
       2.176451745303e+00       1.236012892354e+02       0.000000000000e+00       0.000000000000e+00      -3.891613540980e+00      -4.818487971664e-02 
       2.213843836774e+00       1.257247963258e+02       0.000000000000e+00       0.000000000000e+00      -3.901559655891e+00       6.585868596955e-02 
       2.251878335553e+00       1.278847859026e+02       0.000000000000e+00       0.000000000000e+00      -3.906263553106e+00       1.827921040683e-01 
       2.290566278388e+00       1.300818847460e+02       0.000000000000e+00       0.000000000000e+00      -3.905407735506e+00       3.025310782851e-01 
       2.329918891644e+00       1.323167304042e+02       0.000000000000e+00       0.000000000000e+00      -3.898671737799e+00       4.249795388566e-01 
       2.369947594557e+00       1.345899713787e+02       0.000000000000e+00       0.000000000000e+00      -3.885733415066e+00       5.500292108539e-01 
       2.410664002549e+00       1.369022673126e+02       0.000000000000e+00       0.000000000000e+00      -3.866270364934e+00       6.775592085267e-01 
       2.452079930600e+00       1.392542891817e+02       0.000000000000e+00       0.000000000000e+00      -3.839961486547e+00       8.074356607050e-01 
       2.494207396674e+00       1.416467194894e+02       0.000000000000e+00       0.000000000000e+00      -3.806488678626e+00       9.395113725578e-01 
       2.537058625205e+00       1.440802524649e+02       0.000000000000e+00       0.000000000000e+00      -3.765538677779e+00       1.073625529260e+00 
       2.580646050649e+00       1.465555942643e+02       0.000000000000e+00       0.000000000000e+00      -3.716805037004e+00       1.209603447358e+00 
       2.624982321090e+00       1.490734631756e+02       0.000000000000e+00       0.000000000000e+00      -3.659990242922e+00       1.347256379819e+00 
       2.670080301908e+00       1.516345898272e+02       0.000000000000e+00       0.000000000000e+00      -3.594807968715e+00       1.486381380926e+00 
       2.715953079515e+00       1.542397174003e+02       0.000000000000e+00       0.000000000000e+00      -3.520985458031e+00       1.626761237281e+00 
       2.762613965152e+00       1.568896018436e+02       0.000000000000e+00       0.000000000000e+00      -3.438266033210e+00       1.768164471267e+00 
       2.810076498750e+00       1.595850120937e+02       0.000000000000e+00       0.000000000000e+00      -3.346411719177e+00       1.910345423321e+00 
       2.858354452860e+00       1.623267302974e+02       0.000000000000e+00       0.000000000000e+00      -3.245205972140e+00       2.053044419299e+00 
       2.907461836651e+00       1.651155520393e+02       0.000000000000e+00       0.000000000000e+00      -3.134456499904e+00       2.195988029130e+00 
       2.957412899972e+00       1.679522865723e+02       0.000000000000e+00       0.000000000000e+00      -3.013998158204e+00       2.338889422674e+00 
       3.008222137491e+00       1.708377570524e+02       0.000000000000e+00       0.000000000000e+00      -2.883695904875e+00       2.481448828484e+00 
       3.059904292895e+00       1.737728007777e+02       0.000000000000e+00       0.000000000000e+00      -2.743447791112e+00       2.623354100701e+00 
       3.112474363176e+00       1.767582694314e+02       0.000000000000e+00       0.000000000000e+00      -2.593187966382e+00       2.764281398882e+00 
       3.165947602977e+00       1.797950293288e+02       0.000000000000e+00       0.000000000000e+00      -2.432889670896e+00       2.903895984913e+00 
       3.220339529019e+00       1.828839616690e+02       0.000000000000e+00       0.000000000000e+00      -2.262568186933e+00       3.041853140490e+00 
       3.275665924606e+00       1.860259627899e+02       0.000000000000e+00       0.000000000000e+00      -2.082283717723e+00       3.177799207797e+00 
       3.331942844206e+00       1.892219444291e+02       0.000000000000e+00       0.000000000000e+00      -1.892144160180e+00       3.311372755096e+00 
       3.389186618104e+00       1.924728339881e+02       0.000000000000e+00       0.000000000000e+00      -1.692307735527e+00       3.442205867871e+00 
       3.447413857146e+00       1.957795748014e+02       0.000000000000e+00       0.000000000000e+00      -1.482985439817e+00       3.569925565029e+00 
       3.506641457558e+00       1.991431264101e+02       0.000000000000e+00       0.000000000000e+00      -1.264443274663e+00       3.694155338354e+00 
       3.566886605846e+00       2.025644648407e+02       0.000000000000e+00       0.000000000000e+00      -1.037004217094e+00       3.814516812056e+00 
       3.628166783788e+00       2.060445828882e+02       0.000000000000e+00       0.000000000000e+00      -8.010498865584e-01       3.930631517776e+00 
       3.690499773502e+00       2.095844904038e+02       0.000000000000e+00       0.000000000000e+00      -5.570218666111e-01       4.042122778832e+00 
       3.753903662609e+00       2.131852145885e+02       0.000000000000e+00       0.000000000000e+00      -3.054226389535e-01       4.148617695894e+00 
       3.818396849481e+00       2.168478002908e+02       0.000000000000e+00       0.000000000000e+00      -4.681608819360e-02       4.249749224550e+00 
       3.883998048579e+00       2.205733103102e+02       0.000000000000e+00       0.000000000000e+00       2.181724629067e-01       4.345158333553e+00 
       3.950726295883e+00       2.243628257052e+02       0.000000000000e+00       0.000000000000e+00       4.888567258327e-01       4.434496230747e+00 
       4.018600954420e+00       2.282174461073e+02       0.000000000000e+00       0.000000000000e+00       7.644904616330e-01       4.517426642011e+00 
       4.087641719877e+00       2.321382900399e+02       0.000000000000e+00       0.000000000000e+00       1.044269070760e+00       4.593628126807e+00 
       4.157868626318e+00       2.361264952431e+02       0.000000000000e+00       0.000000000000e+00       1.327331784568e+00       4.662796412349e+00 
       4.229302052002e+00       2.401832190037e+02       0.000000000000e+00       0.000000000000e+00       1.612764480320e+00       4.724646726861e+00 
       4.301962725288e+00       2.443096384910e+02       0.000000000000e+00       0.000000000000e+00       1.899603135431e+00       4.778916110987e+00 
       4.375871730657e+00       2.485069510983e+02       0.000000000000e+00       0.000000000000e+00       2.186837929820e+00       4.825365685206e+00 
       4.451050514829e+00       2.527763747907e+02       0.000000000000e+00       0.000000000000e+00       2.473417997566e+00       4.863782850038e+00 
       4.527520892982e+00       2.571191484582e+02       0.000000000000e+00       0.000000000000e+00       2.758256820809e+00       4.893983395026e+00 
       4.605305055086e+00       2.615365322752e+02       0.000000000000e+00       0.000000000000e+00       3.040238249880e+00       4.915813491929e+00 
       4.684425572343e+00       2.660298080664e+02       0.000000000000e+00       0.000000000000e+00       3.318223124289e+00       4.929151547271e+00 
       4.764905403734e+00       2.706002796787e+02       0.000000000000e+00       0.000000000000e+00       3.591056459403e+00       4.933909889470e+00 
       4.846767902682e+00       2.752492733592e+02       0.000000000000e+00       0.000000000000e+00       3.857575153671e+00       4.930036266150e+00 
       4.930036823828e+00       2.799781381407e+02       0.000000000000e+00       0.000000000000e+00       4.116616161186e+00       4.917515127973e+00 
       5.014736329926e+00       2.847882462324e+02       0.000000000000e+00       0.000000000000e+00       4.367025064410e+00       4.896368676495e+00 
       5.100890998854e+00       2.896809934188e+02       0.000000000000e+00       0.000000000000e+00       4.607664972229e+00       4.866657655026e+00 
       5.188525830743e+00       2.946577994641e+02       0.000000000000e+00       0.000000000000e+00       4.837425659349e+00       4.828481863390e+00 
       5.277666255236e+00       2.997201085248e+02       0.000000000000e+00       0.000000000000e+00       5.055232854557e+00       4.781980379768e+00 
       5.368338138864e+00       3.048693895681e+02       0.000000000000e+00       0.000000000000e+00       5.260057577802e+00       4.727331475463e+00 
       5.460567792552e+00       3.101071367987e+02       0.000000000000e+00       0.000000000000e+00       5.450925419607e+00       4.664752211422e+00 
       5.554381979255e+00       3.154348700922e+02       0.000000000000e+00       0.000000000000e+00       5.626925651141e+00       4.594497708709e+00 
       5.649807921725e+00       3.208541354360e+02       0.000000000000e+00       0.000000000000e+00       5.787220049635e+00       4.516860088733e+00 
       5.746873310407e+00       3.263665053781e+02       0.000000000000e+00       0.000000000000e+00       5.931051321786e+00       4.432167082912e+00 
       5.845606311477e+00       3.319735794833e+02       0.000000000000e+00       0.000000000000e+00       6.057751007604e+00       4.340780315529e+00 
       5.946035575014e+00       3.376769847974e+02       0.000000000000e+00       0.000000000000e+00       6.166746748820e+00       4.243093267730e+00 
       6.048190243314e+00       3.434783763195e+02       0.000000000000e+00       0.000000000000e+00       6.257568809694e+00       4.139528934929e+00 
       6.152099959347e+00       3.493794374818e+02       0.000000000000e+00       0.000000000000e+00       6.329855743781e+00       4.030537194133e+00 
       6.257794875358e+00       3.553818806385e+02       0.000000000000e+00       0.000000000000e+00       6.383359107998e+00       3.916591901969e+00 
       6.365305661615e+00       3.614874475626e+02       0.000000000000e+00       0.000000000000e+00       6.417947135151e+00       3.798187748240e+00 
       6.474663515313e+00       3.676979099514e+02       0.000000000000e+00       0.000000000000e+00       6.433607287780e+00       3.675836893732e+00 
       6.585900169621e+00       3.740150699400e+02       0.000000000000e+00       0.000000000000e+00       6.430447629754e+00       3.550065424540e+00 
       6.699047902897e+00       3.804407606254e+02       0.000000000000e+00       0.000000000000e+00       6.408696967195e+00       3.421409658402e+00 
       6.814139548047e+00       3.869768465972e+02       0.000000000000e+00       0.000000000000e+00       6.368703726911e+00       3.290412341280e+00 
       6.931208502058e+00       3.936252244794e+02       0.000000000000e+00       0.000000000000e+00       6.310933558274e+00       3.157618774694e+00 
       7.050288735689e+00       4.003878234808e+02       0.000000000000e+00       0.000000000000e+00       6.235965663121e+00       3.023572916020e+00 
       7.171414803324e+00       4.072666059541e+02       0.000000000000e+00       0.000000000000e+00       6.144487877409e+00       2.888813495028e+00 
       7.294621853002e+00       4.142635679662e+02       0.000000000000e+00       0.000000000000e+00       6.037290547755e+00       2.753870190422e+00 
       7.419945636617e+00       4.213807398769e+02       0.000000000000e+00       0.000000000000e+00       5.915259265162e+00       2.619259909871e+00 
       7.547422520290e+00       4.286201869282e+02       0.000000000000e+00       0.000000000000e+00       5.779366536913e+00       2.485483216126e+00 
       7.677089494925e+00       4.359840098435e+02       0.000000000000e+00       0.000000000000e+00       5.630662495290e+00       2.353020940203e+00 
       7.808984186938e+00       4.434743454373e+02       0.000000000000e+00       0.000000000000e+00       5.470264758175e+00       2.222331020332e+00 
       7.943144869180e+00       4.510933672354e+02       0.000000000000e+00       0.000000000000e+00       5.299347571312e+00       2.093845602438e+00 
       8.079610472041e+00       4.588432861050e+02       0.000000000000e+00       0.000000000000e+00       5.119130374699e+00       1.967968434382e+00 
       8.218420594744e+00       4.667263508971e+02       0.000000000000e+00       0.000000000000e+00       4.930865945952e+00       1.845072582106e+00 
       8.359615516843e+00       4.747448490984e+02       0.000000000000e+00       0.000000000000e+00       4.735828281292e+00       1.725498491249e+00 
       8.503236209903e+00       4.829011074953e+02       0.000000000000e+00       0.000000000000e+00       4.535300379800e+00       1.609552412823e+00 
       8.649324349394e+00       4.911974928491e+02       0.000000000000e+00       0.000000000000e+00       4.330562098667e+00       1.497505206237e+00 
       8.797922326784e+00       4.996364125830e+02       0.000000000000e+00       0.000000000000e+00       4.122878246157e+00       1.389591527456e+00 
       8.949073261837e+00       5.082203154800e+02       0.000000000000e+00       0.000000000000e+00       3.913487074980e+00       1.286009404421e+00 
       9.102821015130e+00       5.169516923943e+02       0.000000000000e+00       0.000000000000e+00       3.703589331713e+00       1.186920196245e+00 
       9.259210200776e+00       5.258330769736e+02       0.000000000000e+00       0.000000000000e+00       3.494338007904e+00       1.092448927126e+00 
       9.418286199373e+00       5.348670463944e+02       0.000000000000e+00       0.000000000000e+00       3.286828925836e+00       1.002684980587e+00 
       9.580095171169e+00       5.440562221099e+02       0.000000000000e+00       0.000000000000e+00       3.082092276728e+00       9.176831346029e-01 
       9.744684069461e+00       5.534032706105e+02       0.000000000000e+00       0.000000000000e+00       2.881085211806e+00       8.374649135680e-01 
       9.912100654217e+00       5.629109041981e+02       0.000000000000e+00       0.000000000000e+00       2.684685567535e+00       7.620202288716e-01 
       1.008239350594e+01       5.725818817722e+02       0.000000000000e+00       0.000000000000e+00       2.493686785756e+00       6.913092763118e-01 
       1.025561203974e+01       5.824190096315e+02       0.000000000000e+00       0.000000000000e+00       2.308794067977e+00       6.252646556145e-01 
       1.043180651973e+01       5.924251422875e+02       0.000000000000e+00       0.000000000000e+00       2.130621781084e+00       5.637936750673e-01 
       1.061102807355e+01       6.026031832930e+02       0.000000000000e+00       0.000000000000e+00       1.959692109786e+00       5.067808027370e-01 
       1.079332870722e+01       6.129560860851e+02       0.000000000000e+00       0.000000000000e+00       1.796434929624e+00       4.540902249271e-01 
       1.097876132027e+01       6.234868548413e+02       0.000000000000e+00       0.000000000000e+00       1.641188853861e+00       4.055684724563e-01 
       1.116737972103e+01       6.341985453521e+02       0.000000000000e+00       0.000000000000e+00       1.494203388474e+00       3.610470759845e-01 
       1.135923864229e+01       6.450942659074e+02       0.000000000000e+00       0.000000000000e+00       1.355642112184e+00       3.203452129405e-01 
       1.155439375716e+01       6.561771781983e+02       0.000000000000e+00       0.000000000000e+00       1.225586783346e+00       2.832723105761e-01 
       1.175290169522e+01       6.674504982347e+02       0.000000000000e+00       0.000000000000e+00       1.104042262927e+00       2.496305722142e-01 
       1.195482005900e+01       6.789174972787e+02       0.000000000000e+00       0.000000000000e+00       9.909421328496e-01       2.192173968056e-01 
       1.216020744061e+01       6.905815027934e+02       0.000000000000e+00       0.000000000000e+00       8.861548819687e-01       1.918276653768e-01 
       1.236912343882e+01       7.024458994090e+02       0.000000000000e+00       0.000000000000e+00       7.894905278510e-01       1.672558717396e-01 
       1.258162867632e+01       7.145141299044e+02       0.000000000000e+00       0.000000000000e+00       7.007075413961e-01       1.452980788611e-01 
       1.279778481732e+01       7.267896962066e+02       0.000000000000e+00       0.000000000000e+00       6.195199430851e-01       1.257536864440e-01 
       1.301765458542e+01       7.392761604067e+02       0.000000000000e+00       0.000000000000e+00       5.456044441189e-01       1.084269994579e-01 
       1.324130178185e+01       7.519771457937e+02       0.000000000000e+00       0.000000000000e+00       4.786075126885e-01       9.312859148988e-02 
       1.346879130395e+01       7.648963379056e+02       0.000000000000e+00       0.000000000000e+00       4.181522548279e-01       7.967646076113e-02 
       1.370018916404e+01       7.780374855993e+02       0.000000000000e+00       0.000000000000e+00       3.638450104008e-01       6.789698040405e-02 
       1.393556250852e+01       7.914044021379e+02       0.000000000000e+00       0.000000000000e+00       3.152815773988e-01       5.762564803908e-02 
       1.417497963741e+01       8.050009662976e+02       0.000000000000e+00       0.000000000000e+00       2.720529914754e-01       4.870764277595e-02 
       1.441851002413e+01       8.188311234933e+02       0.000000000000e+00       0.000000000000e+00       2.337508021033e-01       4.099820043989e-02 
       1.466622433568e+01       8.328988869231e+02       0.000000000000e+00       0.000000000000e+00       1.999718015054e-01       3.436282005943e-02 
       1.491819445313e+01       8.472083387331e+02       0.000000000000e+00       0.000000000000e+00       1.703221771785e-01       2.867731642717e-02 
       1.517449349251e+01       8.617636312020e+02       0.000000000000e+00       0.000000000000e+00       1.444210730231e-01       2.382773485399e-02 
       1.543519582599e+01       8.765689879457e+02       0.000000000000e+00       0.000000000000e+00       1.219035574846e-01       1.971014508620e-02 
       1.570037710348e+01       8.916287051432e+02       0.000000000000e+00       0.000000000000e+00       1.024230093969e-01       1.623033176401e-02 
       1.597011427457e+01       9.069471527831e+02       0.000000000000e+00       0.000000000000e+00       8.565294317007e-02       1.330339879692e-02 
       1.624448561087e+01       9.225287759318e+02       0.000000000000e+00       0.000000000000e+00       7.128830438642e-02       1.085330465595e-02 
       1.652357072874e+01       9.383780960232e+02       0.000000000000e+00       0.000000000000e+00       5.904627464465e-02       8.812344878548e-03 
       1.680745061234e+01       9.544997121706e+02       0.000000000000e+00       0.000000000000e+00       4.866663055296e-02       7.120597100956e-03 
       1.709620763719e+01       9.708983025019e+02       0.000000000000e+00       0.000000000000e+00       3.991170611502e-02       5.725342726454e-03 
       1.738992559402e+01       9.875786255161e+02       0.000000000000e+00       0.000000000000e+00       3.256601041990e-02       4.580477962788e-03 
       1.768868971314e+01       1.004545521465e+03       0.000000000000e+00       0.000000000000e+00       2.643555363660e-02       3.645925470348e-03 
       1.799258668912e+01       1.021803913757e+03       0.000000000000e+00       0.000000000000e+00       2.134693395816e-02       2.887056306949e-03 
       1.830170470598e+01       1.039358810388e+03       0.000000000000e+00       0.000000000000e+00       1.714623650807e-02       2.274130282774e-03 
       1.861613346275e+01       1.057215305388e+03       0.000000000000e+00       0.000000000000e+00       1.369779250302e-02       1.781761293051e-03 
       1.893596419954e+01       1.075378580310e+03       0.000000000000e+00       0.000000000000e+00       1.088284336654e-02       1.388412713578e-03 
       1.926128972397e+01       1.093853905724e+03       0.000000000000e+00       0.000000000000e+00       8.598150218570e-03       1.075926555844e-03 
       1.959220443815e+01       1.112646642750e+03       0.000000000000e+00       0.000000000000e+00       6.754584435683e-03       8.290888083941e-04 
       1.992880436602e+01       1.131762244615e+03       0.000000000000e+00       0.000000000000e+00       5.275729984148e-03       6.352322565174e-04 
       2.027118718125e+01       1.151206258232e+03       0.000000000000e+00       0.000000000000e+00       4.096523156189e-03       4.838770842514e-04 
       2.061945223557e+01       1.170984325816e+03       0.000000000000e+00       0.000000000000e+00       3.161950351477e-03       3.664087260878e-04 
       2.097370058762e+01       1.191102186511e+03       0.000000000000e+00       0.000000000000e+00       2.425819778428e-03       2.757917500944e-04 
       2.133403503223e+01       1.211565678066e+03       0.000000000000e+00       0.000000000000e+00       1.849618515310e-03       2.063180144937e-04 
       2.170056013030e+01       1.232380738522e+03       0.000000000000e+00       0.000000000000e+00       1.401462353580e-03       1.533869371569e-04 
       2.207338223909e+01       1.253553407938e+03       0.000000000000e+00       0.000000000000e+00       1.055142303280e-03       1.133154402593e-04 
       2.245260954314e+01       1.275089830142e+03       0.000000000000e+00       0.000000000000e+00       7.892686051257e-04       8.317496664140e-05 
       2.283835208562e+01       1.296996254516e+03       0.000000000000e+00       0.000000000000e+00       5.865105760450e-04       6.065289515933e-05 
       2.323072180026e+01       1.319279037809e+03       0.000000000000e+00       0.000000000000e+00       4.329286044979e-04       4.393569386848e-05 
       2.362983254387e+01       1.341944645978e+03       0.000000000000e+00       0.000000000000e+00       3.173930826749e-04       3.161122679976e-05 
       2.403580012934e+01       1.364999656070e+03       0.000000000000e+00       0.000000000000e+00       2.310839758687e-04       2.258775755284e-05 
       2.444874235927e+01       1.388450758125e+03       0.000000000000e+00       0.000000000000e+00       1.670640370520e-04       1.602735723891e-05 
       2.486877906012e+01       1.412304757123e+03       0.000000000000e+00       0.000000000000e+00       1.199183235446e-04       1.129161315122e-05 
       2.529603211703e+01       1.436568574953e+03       0.000000000000e+00       0.000000000000e+00       8.545260673471e-05       7.897737220481e-06 
       2.573062550915e+01       1.461249252425e+03       0.000000000000e+00       0.000000000000e+00       6.044342950141e-05       5.483380811564e-06 
       2.617268534564e+01       1.486353951313e+03       0.000000000000e+00       0.000000000000e+00       4.243290612961e-05       3.778667428941e-06 
       2.662233990224e+01       1.511889956431e+03       0.000000000000e+00       0.000000000000e+00       2.956182715547e-05       2.584151747448e-06 
       2.707971965852e+01       1.537864677748e+03       0.000000000000e+00       0.000000000000e+00       2.043518317861e-05       1.753597913512e-06 
       2.754495733570e+01       1.564285652541e+03       0.000000000000e+00       0.000000000000e+00       1.401481978611e-05       1.180639465655e-06 
       2.801818793523e+01       1.591160547578e+03       0.000000000000e+00       0.000000000000e+00       9.534549340323e-06       7.885358645495e-07 
       2.849954877789e+01       1.618497161343e+03       0.000000000000e+00       0.000000000000e+00       6.433649835421e-06       5.223758365701e-07 
       2.898917954370e+01       1.646303426304e+03       0.000000000000e+00       0.000000000000e+00       4.305257695810e-06       3.431956299537e-07 
       2.948722231241e+01       1.674587411207e+03       0.000000000000e+00       0.000000000000e+00       2.856697108885e-06       2.235815582013e-07 
       2.999382160473e+01       1.703357323424e+03       0.000000000000e+00       0.000000000000e+00       1.879274864475e-06       1.444119797773e-07 
       3.050912442430e+01       1.732621511331e+03       0.000000000000e+00       0.000000000000e+00       1.225502336360e-06       9.246552718170e-08 
       3.103328030033e+01       1.762388466733e+03       0.000000000000e+00       0.000000000000e+00       7.920840405482e-07       5.868148999664e-08 
       3.156644133096e+01       1.792666827325e+03       0.000000000000e+00       0.000000000000e+00       5.073364745299e-07       3.690636040860e-08 
       3.210876222745e+01       1.823465379202e+03       0.000000000000e+00       0.000000000000e+00       3.219748065697e-07       2.299922053983e-08 
       3.266040035902e+01       1.854793059405e+03       0.000000000000e+00       0.000000000000e+00       2.024327548864e-07       1.419935709625e-08 
       3.322151579857e+01       1.886658958517e+03       0.000000000000e+00       0.000000000000e+00       1.260676605781e-07       8.683575446822e-09 
       3.379227136907e+01       1.919072323300e+03       0.000000000000e+00       0.000000000000e+00       7.775356919545e-08       5.259352673452e-09 
       3.437283269086e+01       1.952042559377e+03       0.000000000000e+00       0.000000000000e+00       4.748530132349e-08       3.154264242960e-09 
       3.496336822967e+01       1.985579233964e+03       0.000000000000e+00       0.000000000000e+00       2.871094797095e-08       1.872935985031e-09 
       3.556404934553e+01       2.019692078643e+03       0.000000000000e+00       0.000000000000e+00       1.718348761555e-08       1.100861370009e-09 
       3.617505034250e+01       2.054390992190e+03       0.000000000000e+00       0.000000000000e+00       1.017829969434e-08       6.404004678688e-10 
       3.679654851920e+01       2.089686043442e+03       0.000000000000e+00       0.000000000000e+00       5.965717334206e-09       3.686405684043e-10 
       3.742872422033e+01       2.125587474223e+03       0.000000000000e+00       0.000000000000e+00       3.459359322885e-09       2.099466425366e-10 
       3.807176088895e+01       2.162105702316e+03       0.000000000000e+00       0.000000000000e+00       1.984243354455e-09       1.182740732376e-10 
       3.872584511972e+01       2.199251324481e+03       0.000000000000e+00       0.000000000000e+00       1.125588810290e-09       6.589676695436e-11 
       3.939116671306e+01       2.237035119537e+03       0.000000000000e+00       0.000000000000e+00       6.313469494648e-10       3.630365244577e-11 
       4.006791873023e+01       2.275468051484e+03       0.000000000000e+00       0.000000000000e+00       3.500873209330e-10       1.977263271370e-11 
       4.075629754932e+01       2.314561272690e+03       0.000000000000e+00       0.000000000000e+00       1.918755756866e-10       1.064440781248e-11 
       4.145650292225e+01       2.354326127119e+03       0.000000000000e+00       0.000000000000e+00       1.039229808526e-10       5.662845753790e-12 
       4.216873803277e+01       2.394774153632e+03       0.000000000000e+00       0.000000000000e+00       5.561144124388e-11       2.976569872396e-12 
       4.289320955536e+01       2.435917089330e+03       0.000000000000e+00       0.000000000000e+00       2.939597764454e-11       1.545524644986e-12 
       4.363012771523e+01       2.477766872959e+03       0.000000000000e+00       0.000000000000e+00       1.534588242151e-11       7.925435359708e-13 
       4.437970634933e+01       2.520335648379e+03       0.000000000000e+00       0.000000000000e+00       7.910126816750e-12       4.012960893064e-13 
       4.514216296840e+01       2.563635768084e+03       0.000000000000e+00       0.000000000000e+00       4.025023939433e-12       2.005889475812e-13 
       4.591771882007e+01       2.607679796786e+03       0.000000000000e+00       0.000000000000e+00       2.021394692169e-12       9.895856448735e-14 
       4.670659895305e+01       2.652480515066e+03       0.000000000000e+00       0.000000000000e+00       1.001691385608e-12       4.817330873937e-14 
       4.750903228251e+01       2.698050923075e+03       0.000000000000e+00       0.000000000000e+00       4.896860916793e-13       2.313486531873e-14 
       4.832525165638e+01       2.744404244313e+03       0.000000000000e+00       0.000000000000e+00       2.361031303296e-13       1.095806519856e-14 
       4.915549392305e+01       2.791553929465e+03       0.000000000000e+00       0.000000000000e+00       1.122492007040e-13       5.118049079973e-15 
